14659
147559
10483
5451
15663
40431
14619
5517
7662
5783
6284
53
32642
18933
17393
6785
131986
1071
25000
34343
4143
53758
15356
19728
20968
136393
744
24483
13
7601
39635
47884
5213
33844
206
578
53846
2134
15889
62470
50236
12063
7527
36080
19514
15295
449
20845
20209
7
22457
6
114618
133457
19535
10484
31649
31125
57231
10374
33623
44742
6972
3537
9
871
30943
28717
52050
32870
1552
452
149393
17851
137435
26895
8637
2203
106808
105344
52887
37477
2949
40067
9333
132061
6199
10569
4858
4784
8597
3429
8270
26489
25585
119203
7765
126093
2405
6586
14749
33784
17090
1773
40212
7842
2667
41698
38600
142885
6054
32528
16144
5431
52809
10786
10091
113118
368
131092
98915
18765
4800
8417
3000
2739
552
73170
7691
11121
9573
115576
15512
2401
64391
90978
5912
42868
92465
5207
13579
5111
1710
31401
18682
3275
22640
16814
24610
104778
148644
2821
66866
4991
2072
22937
9403
1146
5619
9220
54823
32043
7
14927
16969
7
26711
12986
10103
20435
138186
75221
109
38034
37829
29
4658
26676
58994
645
28179
113824
11139
37316
9402
6598
1534
4339
14514
116973
155
9455
9195
7653
35000
40593
61361
5899
127669
16260
14198
31383
5565
7
42070
20598
114500
688
287
495
1064
24863
456
10207
2631
432
9998
51497
26848
6327
298
4533
106279
14551
40348
6466
14561
2494
225
12749
10665
16027
4446
9586
65937
25699
16058
50188
30483
50885
19426
140997
38561
23921
21016
28381
33868
111425
19427
4844
49079
700
11
144726
9560
10225
38323
790
2950
18347
12214
14316
30014
9146
7621
11343
10218
21
13182
51076
17621
123535
18440
30467
5546
4448
39351
4839
39939
2083
6
13360
94888
6413
11667
560
3700
108106
39859
17
17634
5326
48362
5666
2722
613
22924
7637
1284
6732
144101
24740
30603
43951
5142
32165
94
10129
26765
60759
16
3115
2698
144
4681
85988
16879
25378
167282
16614
9796
2462
4711
103122
24629
37364
47500
105378
7580
21116
3762
6936
12429
17561
951
22744
3800
23703
9003
7
5823
13024
9034
1312
8561
25649
6428
8845
23127
7050
42757
26231
30745
81794
39770
2061
3792
149
104180
4344
8882
9091
1253
18041
89323
2536
2853
2546
1726
4321
9662
75067
24987
18716
77833
91178
3931
138124
31248
58098
17955
21396
142964
10582
15905
42675
4403
116405
68118
29497
8582
21547
8043
3040
153980
4019
5719
31467
3102
9554
4377
7433
123143
115717
33178
117656
29030
1465
35296
60504
13993
7
42336
5236
6655
125589
3825
101714
16569
46719
1432
103928
38780
25869
54554
29972
38096
21694
1402
10843
6272
14677
25091
2842
1272
23208
24420
29699
21169
8083
124777
6289
101
23022
10607
11220
123088
6158
139
69954
23684
22169
3982
10
41437
110054
1659
8536
30429
66387
25673
9865
4271
75933
50817
7883
12436
11797
581
6256
3319
32244
18484
3101
9070
1081
36801
69098
34891
8543
10232
10173
57900
26615
85224
69510
129867
26519
3394
3157
44586
9987
2024
29577
19842
43278
1283
6242
24011
11172
18757
31520
3315
7733
2170
114793
5000
131563
18379
36214
18813
4711
7925
8
2869
2699
14266
15028
27282
96485
10874
2754
38560
36348
4912
85
5536
35538
14849
10756
3032
42781
32398
28594
125636
9401
27421
13073
101345
98481
160
129259
5585
43506
25826
9847
32148
1407
7498
53223
10763
35673
2707
11210
51
26284
24884
13305
103206
8315
8659
59141
194
89871
1533
27822
126826
25350
15207
21970
15718
19413
95571
1547
3462
923
2636
81686
106044
99816
97441
3462
108166
23478
32943
34351
41734
476
98
12580
113412
5718
12172
94101
49503
16561
1720
133062
1442
104548
17294
3718
7
16594
2152
37475
4766
9410
127530
86479
10691
1579
51903
202
13197
30145
62055
7060
22361
193
26
125516
130585
147807
890
103066
5020
1295
7044
2471
12977
107716
4045
7256
52610
28727
136534
175877
89778
23404
13034
115836
25107
23089
9212
100
18484
532
26309
50977
493
1245
1442
17075
65238
712468
104680
5804
258
2689
11568
31714
69
32995
25969
23938
3971
585
11721
29719
11491
18110
19803
7552
16208
2365
1337
1250
4882
11526
21384
84368
4
2663
8
5925
43722
39877
43342
7449
27421
35107
14221
39309
124038
3472
98432
126870
20204
4066
128092
44
57388
124712
31310
9799
17029
6090
4261
3885
7
28279
9396
1603
17332
8448
8474
7425
6470
11527
124
64387
3234
4150
3651
7225
21853
63362
15314
33109
16291
31026
13857
114424
55937
33405
45923
8057
599
20402
1612
43727
9509
31652
290
12
18714
3028
10792
37356
50121
60725
23845
30149
13857
50228
24317
19444
19363
422
44437
27539
143489
19252
17231
43222
9348
20945
10514
7
9797
34190
22078
185902
13446
40345
145
23512
56290
38400
3573
1746
1138
27344
5556
201
12240
127225
35422
108
15330
73341
123
11030
18116
119854
8915
8133
4560
13950
13871
39249
38282
3414
33338
247
3164
28
10125
21405
10287
13831
32082
1362
3863
5081
151853
36741
9243
10377
374
9449
25625
2468
203879
142425
79378
49130
45863
938
17334
47008
2790
4769
8539
9408
68746
96101
7329
50713
42152
130890
11073
90563
12356
147701
12456
8393
25769
74521
5110
2900
16705
3696
370
27769
7051
133233
134886
1058
20348
7046
594
7
1228
4303
6004
95166
192
15975
45610
8
14041
39469
6564
33495
744
36821
211386
1335
19313
6503
7131
54729
543
24701
10423
1216
10711
37539
14483
5024
30052
2068
29481
10452
79
30371
12657
13282
76718
22777
3939
33318
43316
5725
82816
10788
18271
3
16872
3203
1924
15118
144988
144
28767
2153
21994
8466
7734
46244
27822
38822
7387
4375
40778
16052
985
36654
39105
31134
38369
29128
7060
14503
11631
82333
31538
50287
19795
7
130216
197
41920
8176
18773
63175
64554
3478
12
6133
118509
61065
21271
29680
1856
6082
27997
6325
13117
25476
5394
25246
2057
24468
19448
5
10440
139278
9803
9090
10599
33914
11764
1642
14748
21594
47486
12668
46396
45885
18012
23043
14722
4676
29982
119168
16348
2590
16666
13116
7823
3035
33278
3431
3433
10533
85633
8
37941
1248
31949
4452
61973
24928
4774
28221
41313
31422
115526
8936
138919
23031
38876
19714
14264
23280
7021
114258
32655
1189
6952
8407
4344
33772
2278
2046
42063
2666
249
7574
21724
29478
8268
4206
10044
7297
3531
129694
6972
6824
29063
8449
12877
25339
61184
2139
30171
126468
6642
2705
9651
13997
24493
14540
21422
21963
19348
2975
33639
20537
10878
34306
114852
14741
9123
42521
143537
3547
16335
6257
19277
41483
6140
17769
42458
10384
2193
22665
8198
29083
37874
5749
22707
8331
4678
27269
4202
484
11890
12743
15945
20207
141700
168460
6781
5909
1111
372
4624
126277
156826
672
44221
8768
21590
55317
110740
65397
49455
49375
23071
16958
33099
27548
16740
34736
167026
11666
2864
10728
10067
6555
9259
173946
14159
35409
9123
13188
12075
9060
46156
4937
25245
29213
37251
140751
379
17733
13
14583
30312
5801
463534
3300
8409
4160
4828
34253
29635
46958
84826
28316
5267
6787
1988
29114
8402
3013
12294
32363
13053
18408
6879
6542
10319
12722
509
89
15552
6957
31761
52127
23
9010
72441
2392
24453
43362
96796
7530
23071
563
15816
18172
398
2418
9887
9194
19615
37716
5480
24942
33173
25758
150606
12966
1194
6189
1390
47600
9686
5908
12789
140846
15033
11471
19203
25353
26935
11781
14116
453
29410
4950
30267
1678
128450
25603
22488
8197
4
118275
3351
2633
122414
28273
1681
3065
11490
122147
4723
30
44402
22276
6744
24427
4510
386
19540
83
9844
121958
19897
10
19057
9315
20541
29135
24160
8640
2563
69361
37020
91083
41429
28171
10030
16027
3600
65746
2358
11920
7933
11465
90677
31764
30676
18172
3967
120652
28948
27367
1011
46061
1351
15375
23981
31331
1565
3831
12126
22445
17220
33197
24591
20464
26202
7203
3116
13750
120218
53187
139741
45538
12206
19392
109844
18208
25928
5479
20725
625
9730
49094
29421
7102
6212
1836
23252
44223
23905
17673
9943
13922
4703
14328
28226
5897
58649
22502
99457
107399
18755
2024
29120
44281
28504
13436
19494
46809
34211
15135
105770
357
14301
28549
28942
5550
48642
26091
17975
23145
25511
7134
88389
97
5981
7124
5769
75487
29041
129366
26401
23031
106608
32353
14421
3831
31909
10775
23768
33530
6866
12075
1281
3677
12786
13598
5320
18832
5342
34298
8578
7807
19116
143715
5610
15260
46030
49209
117395
17168
8049
3872
102570
6406
2
57118
3644
32816
14159
2869
19077
159717
8366
123691
23170
106734
17182
36320
30491
13600
11713
39884
13
13222
17428
7721
1184
11216
25128
559411
1948
3664
14380
12314
3311
2985
150706
10431
143511
21196
23964
14544
8439
96036
27767
47007
32110
12483
38482
28824
35606
8326
4
38235
120584
126115
216311
13392
12990
134138
20754
16874
7144
27973
9401
110656
4680
57471
1942
15811
25550
16488
2890
132922
33010
101093
9754
22398
1002
7
38608
13791
12347
5891
11690
44809
94620
20468
6418
4291
2334
45866
152716
8219
6659
88746
2792
1147
5360
7
145464
40447
3483
30296
760
116530
12
37089
3309
4249
3575
13101
1098
12689
16100
2071
60116
296
3900
4710
49753
5160
2270
29128
5521
487
13299
7201
5158
2
30215
21451
128618
26640
8975
131230
15696
39659
12973
20011
8617
141208
17097
36983
4283
24488
23628
7
3448
13024
37310
417
12908
14334
1459
10209
13
980
5333
6328
30576
11981
135227
27063
40308
72701
73428
16240
33151
4596
37805
216
18774
97203
69822
15374
4118
49188
127436
25494
356
6484
44506
12351
18165
5566
3883
8136
6579
17632
618
74928
5297
657
142741
4457
4116
8246
3687
154
33138
1205
11724
20795
31659
24
866
48998
3132
3650
36867
7
23746
11708
12672
2307
35482
7525
18962
21271
6350
32
61601
125219
10635
9029
6699
35173
10713
1414
7825
101244
2654
6022
6114
13178
19128
529
8040
16
16365
14175
39253
27791
14662
540
108503
4858
31693
3972
6825
19160
4077
51005
38351
29474
8033
149113
47702
13938
6018
4296
6547
5794
2
27662
944
32692
1915
148406
2737
18817
42881
15113
66727
2904
106239
16018
10168
897
286
39707
59527
23224
2430
5135
70323
98
24440
3454
49705
5028
4784
3798
11436
4191
4054
18686
30027
13782
10164
1291
89
38499
226
8537
72733
11442
20259
139864
3203
86450
6584
5984
7290
76014
111935
21553
25865
4756
32761
38890
13575
6445
4524
28831
16443
55002
113
6611
66801
14206
17083
36232
1769
29950
18833
6564
122911
11601
9988
163
10269
34082
799
15762
13964
74302
23449
92791
76567
19137
27495
5180
21191
2907
109
21872
50498
22554
119500
51319
2424
92
34943
7281
11354
18519
2663
134262
9507
19744
173914
23
39069
9258
21206
252
27433
1357
1301
11468
4197
23525
12623
8490
12977
16040
21617
146584
2787
20607
24739
12891
7037
4660
6819
127829
15912
3218
6
3844
3876
5387
8004
37924
35335
602
5240
42636
6525
5298
15078
113963
31483
24945
10852
177802
50580
114906
2244
29689
16679
17380
22375
5588
12281
4128
2450
2345
2717
7914
2195
40639
35426
136319
35617
6599
14419
118787
6155
30033
47
13571
21936
3512
14390
4911
30279
8489
125148
160434
784
15173
22302
11595
113703
25062
10834
1002
15116
95037
18446
4285
7
36902
9594
9528
48353
65
153895
35888
5372
11849
142240
13533
6304
18396
91988
18271
137217
18201
7210
12600
447
102444
34026
19779
7191
24518
126499
122967
127164
77684
132252
6
19855
70013
22992
4036
30004
30670
48091
16239
23863
283
9445
25401
31791
13305
3224
131181
3098
108592
10862
17
9292
13367
5086
5129
129286
13204
9550
46872
5035
30746
7609
33904
5394
7991
625
43370
26119
6321
16745
25101
15700
32304
7494
63463
32607
2310
40978
45922
18880
24204
13399
14771
58563
1180
15099
5291
13670
30131
62522
1835
28790
23379
13785
35416
10085
126073
1201
32841
13639
1546
11000
10144
3
11721
34244
9612
11753
27704
143098
3280
32526
15942
17146
62272
19374
10739
23045
3618
317
24217
22944
12429
107150
58075
17857
32338
94
13895
7
120303
14602
18035
17338
31537
5747
6466
8106
11148
901
5778
203
7226
132239
75136
111265
10987
6651
20125
6574
15044
15749
6638
1191
12287
6317
5153
30363
12
42992
13345
4948
130758
166678
7442
6472
764
24146
32430
17983
111880
14159
17103
6572
34819
45494
8226
15986
1337
25911
162
109336
19719
35035
31542
9477
8
2867
10260
262
53539
4668
58368
31198
8132
5280
5279
41347
17027
2461
26261
58784
32965
1375
130173
189791
32891
11327
9
40019
2750
2506
6880
27356
28409
10994
31452
36783
71596
6520
111008
4857
934
6204
7509
3906
3723
17
45403
2840
18397
30152
49396
30147
49028
113994
26065
2395
23250
32395
2773
58763
11404
8673
904
16943
21873
24015
5281
7
16678
23714
7127
8513
130926
24525
6303
3149
20102
42021
30017
106182
24451
25615
17701
57647
562
2796
3937
33833
69916
114036
21505
2942
16891
30
4589
3218
31450
33827
156035
235885
37870
7625
22705
24983
13029
103130
8696
9981
757
6117
14198
47907
2282
109
7217
7955
7972
3667
95853
15403
13546
7998
17606
117141
6406
1665
51699
10109
4794
9065
34698
7
14400
11048
24349
262208
84194
135412
15389
10975
159730
23884
71531
7432
27376
14284
40865
4835
123780
13356
33248
2010
125783
33805
23958
8234
68896
130283
12068
10976
143
4425
1972
52810
101922
8526
19674
129121
14294
54408
131001
30466
10806
120254
6150
3328
3902
20883
97612
3125
16802
48742
454
5084
34622
112347
30643
9898
2575
1097
39329
28313
112540
133466
7136
54801
13181
14117
55770
9232
24
29740
17606
20753
11298
23938
87787
18144
14034
119005
152623
59238
14193
5237
19663
15794
5425
7644
106946
1205
13225
25341
62084
126095
16754
129933
14235
17357
26535
116145
642
24122
78923
6090
7166
36085
37270
13200
126303
60575
24873
37388
49158
4293
1033
124379
126482
25646
32956
9415
13395
9971
2059
5053
60344
28968
13758
1019
4754
7413
28249
7
2856
10289
17798
6607
15522
9046
16190
5270
3800
37405
35847
11088
4502
20479
29081
3560
8119
123787
1112
24718
38930
7039
4376
30574
34624
10478
18434
5777
18715
32488
777
6596
5929
31630
4385
965
81589
1719
27997
883
35819
25968
20168
28178
353
12206
35998
59829
10256
1847
137123
14303
40191
6814
2746
148044
1230
31224
131021
16041
26919
3715
3150
30502
2070
198
5999
74
68
28359
30286
31032
14564
15157
5776
125406
16945
4093
7086
7745
140673
144094
15789
3464
13549
31405
15355
3717
2998
32540
26320
171668
34726
3310
107692
4076
19137
1368
6063
2569
70238
7781
7
34340
4783
20946
16281
12650
8607
20666
5449
23629
2995
12001
4341
110347
15890
37386
8350
39048
4699
2773
18259
4671
20003
22591
6522
33593
12025
7
7
7
131658
2709
37937
118426
1829
120286
26219
60360
27048
11695
97174
4455
8843
27853
8725
7542
25877
7683
15367
38846
2254
167
111823
141763
13093
141726
31421
1871
41425
7996
12425
13
1384
72
39314
23438
4468
5313
127980
28997
6306
55406
62558
7
4074
3235
126343
6930
11435
6197
7060
24618
8415
95
8184
9225
80491
2901
25890
3939
1095
54074
13298
592
69296
16610
107376
5649
129841
29068
7366
14538
10370
807
22300
25334
34410
22905
34433
4774
1919
32402
5878
3491
8159
27552
14035
10739
23461
5176
40385
15180
508
6538
60
39853
22174
20097
88222
33301
9098
87329
8016
77151
20774
33336
27375
10249
4478
2605
28423
680
52601
25681
56021
15478
11336
6784
98372
3123
42230
5857
19232
38061
1189
2623
12868
24773
16223
7602
1603
1615
4193
30963
6672
2940
30415
42996
16662
4200
60
6481
29380
16993
11522
1402
3677
28038
57772
34404
2008
5646
268
12051
53014
9454
32536
2533
4097
11562
1599
46353
5577
10671
51484
132613
26316
274
7368
18903
51828
9011
34228
40797
70154
7887
3524
29008
14385
9666
12135
4806
40179
151407
30385
2628
12844
10489
27260
136051
15675
10451
31281
2427
4868
61957
33570
1520
4004
7676
4936
39974
21670
2548
998
19206
23497
6654
101280
2958
74243
191
34359
19113
60487
26532
42640
10174
34
14394
1268
5938
2418
13112
21251
2025
141426
7
123651
29234
1931
5299
33259
3535
22241
19287
2856
426
987
41635
8568
6765
58188
50571
16789
22155
32550
13239
2815
41078
117300
33161
4791
37149
78662
630
75953
72750
5870
31552
21516
13913
20150
5558
15472
2649
11447
116507
146130
7198
2986
13164
20670
25776
15947
367
1574
799
125712
12001
107
16704
40439
38374
5328
48
9672
1395
1864
8586
127065
8135
22547
5813
11979
25402
11
23607
10448
5488
7522
40325
15585
7788
41566
10376
96391
124109
16083
6811
1830
1374
15092
19299
1054
55680
45366
7378
27477
23487
70269
4332
38417
400
30735
35217
530
107248
61931
3146
5001
4861
1239
32164
119688
3392
6150
47966
19329
26125
161203
11169
31338
100
12605
21050
34189
130115
11241
24662
1938
27653
7674
31132
10630
84833
34282
5063
1740
14066
6564
191457
68286
128580
1786
7267
139701
32942
18498
12243
5079
10200
14460
107570
56941
2919
13354
9028
96739
144527
38854
155955
5947
15470
121797
16787
22348
15103
18407
41598
11193
12616
5417
10507
2494
13712
51733
546
133044
117564
127462
41778
114677
28425
68264
15531
22794
123341
18536
34783
2069
17682
61167
2554
32745
27729
12093
7701
17271
13592
11977
2263
134143
11896
142509
15562
8876
58489
37416
4281
8265
5403
138610
659
3815
26772
4968
15055
546
19094
1719
5634
194
38771
2626
2221
4469
41346
5314
27152
2501
12290
4873
177
95105
29038
2959
4969
12138
214230
69990
5854
22750
41813
111427
142694
17582
41469
8684
13481
2845
17176
14600
7831
28249
101267
10756
7186
6343
83097
114025
14692
3920
6111
25872
588
25
138805
13593
187
29370
3532
41487
2313
13826
9270
47812
30275
4912
46175
52316
142675
82546
4568
30874
18443
4564
7759
4730
30553
118143
7
4648
7
41201
13666
13265
4296
15927
160830
22853
53098
8181
21284
4122
24765
150046
16314
4076
11992
5751
489
19482
11522
28065
9105
1464
124
26534
12353
2497
1877
44323
4094
9168
51869
14694
63241
9585
1632
3695
2641
5982
25979
13763
131648
8022
14152
37734
37035
1212
13218
8012
39
4026
15217
26505
151823
19565
42641
7382
30684
35783
3244
29530
363
37883
79730
12847
5635
49054
8417
13318
4076
10479
2832
10056
44060
17139
5238
44352
11076
45959
22873
30036
131763
134303
7915
4071
142993
4617
656
11619
118523
16606
22128
1416
2781
19904
6224
11074
12938
22457
2252
12097
11478
2237
119150
9959
40734
27139
46765
9441
103388
29598
13146
32780
53989
43020
28396
9712
85259
229
31553
40819
127904
26769
28516
11062
13054
19678
113832
11
511
25005
6402
2239
4693
10248
16810
7171
439
5785
27143
4873
117977
9698
239
13644
13162
7
54586
34805
10607
150126
11209
8306
11241
150754
38265
4648
3886
1272
117736
62895
658
7384
30855
3941
12637
13232
26849
128346
29492
712
982
8011
2155
57967
79308
100440
5366
10134
9021
10378
7247
2769
8962
100734
8669
4339
2252
39508
9011
22394
34939
11229
140874
11518
5854
33671
7332
139581
7798
32440
3457
7966
1860
385
4907
23003
21613
10345
15523
36703
59185
4946
7
15821
5179
2896
37099
29003
5622
5089
8633
26476
143450
120218
19983
69
1091
3827
32473
17543
129562
10994
13318
3877
27612
116055
35353
42580
18363
11037
2268
1255
4686
4438
4154
5781
38213
2566
9512
6336
33
12859
107287
3831
5423
29963
235
8222
4458
6578
98276
11271
7021
19805
5612
769
4287
31489
44278
11781
10834
14241
145118
4477
18794
33129
39760
6597
23452
24255
39415
46840
1758
3823
12531
8361
15112
1190
9184
7647
20628
6382
65264
15461
2884
140882
1610
3782
26082
1986
1439
9018
4416
1916
2757
36909
2865
15610
42599
2726
13015
10709
46218
23958
7125
21662
28273
15263
7662
23986
34076
34720
12394
7557
66
4107
4529
3311
1237
28321
3207
2
139265
18018
28
384
11526
2523
59650
7546
110035
21446
7803
3056
9165
33143
24474
21062
27938
23988
4972
47882
584
5625
1799
1304
12324
11093
4138
21282
5807
30178
20671
24763
9702
39930
52541
10689
14714
2998
6520
42
76042
6586
2840
29367
28767
60204
2832
3635
3715
1632
11266
4466
1204
6489
9639
5358
3290
7870
9272
31854
64915
33748
25504
6603
66393
14956
465
39399
934
1050
16833
11242
6144
2301
944
38124
1144
25860
71408
10393
53312
18317
17883
14727
117402
43
66116
26943
59229
10256
1862
2720
971
19900
4453
1800
43667
5818
5851
164669
28932
3374
5814
19714
5705
932
31795
12157
7179
5442
89593
37613
41346
3395
109619
5
43648
27969
1704
50193
12
21109
12
11449
17065
15343
49770
8081
146268
45232
3759
23877
135303
27359
3429
30653
3582
1806
27611
11662
7555
4658
4474
62
23747
123459
28888
27570
8424
10017
32055
450
55614
7026
26205
36909
7702
33123
76573
18187
114215
8577
3706
18277
41264
124501
23054
45818
4872
30700
7364
2933
4878
126391
16461
23864
32034
30082
22194
216
132030
10128
27267
23570
43281
49560
23677
42325
213052
9382
148461
5845
2569
6460
17973
135912
125737
22144
8353
5111
9290
10448
21177
1847
99820
10311
22662
24364
16993
48105
2833
4304
2360
12344
93702
767
58890
4798
5122
104875
3155
27780
26595
9761
20077
66
27773
8995
21298
73715
3461
124783
293
1399
43445
10285
835
38878
145353
34032
146474
7170
146933
7535
12657
3287
869
12122
5095
7032
19074
3706
149216
2246
10228
48561
68925
702
16794
7
48970
4052
27816
22680
34129
136233
25339
5712
328
3252
35803
25149
6081
2970
3900
3303
19651
32253
51138
4001
8715
4000
4
8056
11426
39747
130324
18064
111849
10111
383
3894
6107
5514
18225
83356
39028
6320
909
35288
41679
24936
122313
75369
427
746
9026
6110
5468
27130
12024
113648
148128
12641
5579
3837
32405
155848
54428
15296
30170
6170
30587
5967
1175
27598
3286
22
1658
77
23328
41575
19301
46931
15130
4799
5769
24
26845
35703
13468
122626
7394
27522
17255
10073
1793
10362
12409
12536
72
13217
9334
9834
17966
17607
19172
103149
9823
9253
1614
16280
6695
38930
24936
605
120676
31267
8060
20327
20124
3450
122444
88481
48614
25044
17106
39124
23978
115139
145
4114
142209
196931
6920
36502
2948
11116
149849
17342
432
8157
21631
19211
5241
110335
17182
4223
86165
574
14214
6368
82146
27562
8241
12747
13871
42223
4877
22740
15388
10
12666
38528
47577
18173
20853
12040
17068
40554
9139
9024
16
1711
1525
7
30670
63474
7805
31746
95222
5982
27811
19567
7997
78175
30511
14871
123579
2930
50259
38891
6711
5074
217
1125
20603
117
29414
1281
18009
6371
21001
1383
2419
35374
23359
14862
119
60019
3314
8871
36738
106639
34034
173037
17089
2237
14197
144551
4886
5964
13971
9585
11505
2267
28908
24267
10261
3109
8208
2494
12511
15517
9167
13957
24313
8314
20686
23540
5084
150518
7684
32879
117
2251
32781
137411
5487
117599
13484
74758
1551
1405
26592
15892
21067
8772
4860
113476
24049
599
7480
3007
15281
12215
143348
6947
34625
1075
167439
35371
20870
129976
20924
5633
36187
52629
6992
28922
36394
9105
4708
6242
4404
16311
7
32239
4
16350
6259
12755
119985
78132
1648
10015
6468
8976
16766
3764
2151
10921
17845
109024
15
10009
32330
24876
95225
23909
980
6595
1713
8581
26603
17628
6
18382
7
392
31646
31747
27
8772
7376
25798
7940
31368
13960
6
99662
2574
3191
17873
114325
16
15839
4094
53835
40270
31129
9624
22004
143205
114
120677
8562
21622
2888
125313
4135
15841
8491
3776
20908
11043
12
8056
30481
22272
37279
19
12151
18823
10055
114774
32671
5397
2310
14906
12711
13789
14411
22971
9535
33598
4326
18138
129060
15808
29059
732
6867
27642
24853
13302
16472
105267
29809
3317
8771
57636
12928
21516
50401
70673
7
3607
119404
130680
5691
4120
5239
2863
4048
4998
5308
12385
25884
16623
146164
7839
18744
4188
16864
16034
6411
31929
17824
33663
49191
84159
8242
15164
66
78125
17511
51202
10418
7111
89258
16373
47861
34275
6255
121024
104089
138632
54174
14150
8
118169
140100
9374
48925
146088
31487
23040
2745
414
52569
20521
41430
28079
24805
153529
133544
11541
133540
626
53361
22365
142987
7
23253
6275
48276
761
15068
120685
3804
22613
38511
337320
16826
5592
14620
1368
9
7524
6302
19584
18944
3881
86009
9
21639
29787
9467
8162
9877
25811
124505
514
40041
38221
12852
121775
1960
51497
5995
148619
14550
40515
68707
7
43214
28396
34754
16865
570
15025
22568
29
43344
18999
7005
123156
12
25770
14499
9635
6422
19151
20545
204
15377
23
20786
4874
28241
13070
33109
6354
23230
49529
13811
3764
7976
7505
80
74962
11126
45628
46444
6237
11555
27604
111661
15562
13582
23946
5114
1491
6692
39029
15661
7340
3470
80351
18453
45439
43993
21311
615
32065
118639
19325
8166
3267
31687
3043
17635
104447
40303
17510
2431
2560
1904
4552
35290
26709
7617
42002
59822
22639
1663
39796
31447
114
16603
9618
72429
33198
6332
27136
34193
40683
42444
35749
7323
24874
9333
10336
6827
48431
23786
7
85403
2643
122570
136103
40311
35527
96084
122761
64202
126741
117241
125660
8459
15957
5683
389
117095
4771
61
14294
22653
27597
75178
40812
6005
3357
28695
45084
3771
129292
2214
4695
126384
5491
3614
6051
7601
128339
7708
8458
46597
1816
5074
49076
11979
12357
1087
118161
3525
143506
23567
109280
20699
57898
6728
8173
32898
6726
9291
3014
22461
35901
40184
14347
862
6069
3504
43520
85566
16962
10915
27560
2434
4501
8786
32230
2290
185
6636
12936
65163
50623
24138
481
43386
11080
107
47665
46446
26793
5679
2792
3763
5288
122076
5540
11597
24414
4749
28804
30435
20520
4943
6897
1985
110974
5580
34812
146117
3285
3703
12728
40491
15138
4738
6090
30291
109313
138167
25651
33438
49
130921
3863
52623
33298
112430
72549
3655
393
5836
7051
41
4653
7
124805
5791
245
37617
9175
31669
56146
34716
7
52539
5298
16287
549
18986
47163
12573
119458
25417
15542
13203
12344
13882
37886
11909
10117
18148
80
6145
2240
12322
2486
43363
22956
6177
42832
5369
11372
29484
3868
21953
28634
617
101911
66902
3386
754
5405
11488
28923
7051
2155
31535
98
17557
90618
8020
10227
8997
2025
804
7031
3718
3323
7393
35706
35652
24354
21311
47747
6
27810
120
14054
5543
26426
44863
9704
3142
1158
2324
84145
21833
6896
136194
362
11
25202
12951
11725
3851
134937
89840
30017
1861
84
11656
3839
136658
12148
5540
5955
552
2257
7490
34228
37564
9751
43537
7
37432
14053
144015
2994
7557
975
121452
22406
1460
22105
21792
91366
14264
22696
39285
15627
10378
7856
26593
19398
44797
111667
2268
5783
1309
15855
1361
29054
8259
5968
7778
55960
20441
11277
3838
45532
11114
27468
3435
47993
21176
21375
27825
50761
39636
3481
8912
23934
26258
13654
38087
4779
231
74754
51020
7563
9543
37019
225
20930
91388
14
39949
123247
16617
90256
3072
39988
6887
970
32206
7268
87805
9634
36864
13747
37813
786
8587
10348
18860
10445
129877
37709
7240
151042
28462
17600
7368
46519
9505
18551
5778
2819
24533
7080
118132
41457
5469
1459
2698
26542
29159
24933
127158
20354
25037
396
21207
83703
90151
76786
2548
13627
18104
14529
28708
4384
25177
108349
24162
13423
569
7628
11695
50843
3126
144031
37163
12358
4
342
617528
152132
4797
7202
67888
78014
23450
31921
6340
31560
125112
31397
14288
30376
1402
1439
110930
35852
4375
11418
6451
3207
66376
46781
11767
10393
15110
9791
15
11
1711
25111
1047
96
89418
276
164
2674
52302
93734
108542
17168
13503
786
6847
30708
11739
40209
145278
19322
8573
2124
13492
135560
61434
6048
15005
4154
11916
58863
3726
116757
259
27628
7129
40023
2138
2422
22965
13002
22690
29737
5756
28694
8779
94398
10929
4884
4812
48077
141616
69320
134013
90297
89973
23881
17588
30540
821
129655
5115
47568
5111
5863
2717
5195
112435
21926
3361
16482
17876
10931
31275
5533
28352
250928
21204
21057
17302
13901
11723
1728
8754
1075
25485
3096
39028
23199
26158
639
24440
4601
2529
9111
98074
5799
114499
6570
2866
8698
44810
34025
42124
34630
2712
3759
32011
46523
76666
92996
310
4498
2515
25291
19394
17571
2184
14576
3435
12656
33331
36902
19757
57682
41
1805
8682
11297
5218
9188
11427
29964
51447
79061
23570
119538
121415
37607
52933
34203
30656
5577
11918
125803
2159
15
1884
144956
175
17629
2686
62125
15730
6683
38743
125961
44503
2739
1633
8476
77535
28048
713
3552
12974
6907
128403
813
13850
12280
26187
42951
143513
11814
3037
15975
222
18630
1739
3597
80570
7610
6
59022
27407
37068
44491
18366
15116
70147
79284
1603
4535
134755
2084
18316
138331
33801
8914
2102
3633
24520
9057
3165
4415
36336
44688
6
12019
13
15277
35681
31647
31971
763
3
16223
1008
28843
48282
29110
3666
288
12642
859
13391
49258
2294
66937
6355
15749
41557
35318
8301
26065
112438
12213
7543
30601
29817
3051
4609
20100
97056
1124
14311
37990
19859
36360
23414
111759
128408
103013
23743
13599
5626
123632
25421
1231
123929
7502
43209
26854
3203
5453
17557
40417
16249
36434
8599
20128
42309
6832
5863
53708
4187
5808
14576
13344
14500
117
13842
45437
28478
740
2852
143721
7
628
132101
8618
4814
697
548
28689
4460
21193
255624
19596
8011
13248
30669
7233
25559
11071
20642
24472
13029
25958
57186
30104
23151
1307
2742
39530
6246
16267
25792
18927
9816
46373
45753
19676
216
67734
22662
36888
27579
210
36978
64745
9779
11762
31829
30597
23446
11773
11584
12
161
14907
39376
12822
37973
33098
126401
18692
8614
17669
492
9620
12
53094
14580
144220
4918
7706
31709
123977
25778
68
18470
32807
7989
31508
7900
2311
9709
135901
11795
26781
51491
14878
16372
6
15482
13209
11727
31849
8499
6288
36806
12980
31032
12586
12338
37285
4021
9009
3784
57067
585
3643
31302
7216
11741
20274
9805
26999
4559
7921
15741
2457
27030
16718
68896
5296
6393
30231
2763
35740
1735
11466
14713
95379
33109
112948
126933
22180
16398
192
55008
7918
7256
127674
16798
13062
5642
16894
92970
43907
33656
55639
27098
7037
25789
7
49724
92315
867
16120
51889
20918
12519
28905
3132
18217
11122
5391
28953
1329
393
124956
9461
12200
467
31529
82711
19847
5970
134360
3746
38229
32617
282
8144
121375
7451
952
34259
2447
21716
5158
41471
119121
6300
24035
737
18512
50926
16385
552
133
4412
5200
2655
27238
